1.948050961854827534e+01 2.353702373415421725e-02 2.112618056600103537e-05
1.919003172067021623e+01 5.722432852046042961e-02 1.095445488757988901e-04
1.947845929081473670e+01 5.801528092305921480e-02 2.359780726278319673e-04
1.925211510932905767e+01 3.508857000825628403e-02 3.462714848496566177e-05
1.944046646474773254e+01 1.656219440503991502e-01 1.089064029134308859e-02
1.898100363719415284e+01 3.197964726530429236e-02 3.548286488474364036e-05
1.945635597840712450e+01 2.879710898120957374e-01 6.525248957585177978e-02
1.917219590550411112e+01 3.185853016740925608e-02 4.115769701204631195e-05
1.942542053793150814e+01 7.882006284212356162e-02 3.740289399267268276e-04
1.923147850957157345e+01 6.587735258324656229e-02 4.863460172071495729e-04
2.006699791722370918e+01 2.642834426849816065e-01 2.980251316199027459e-02
1.904964980641373273e+01 2.726537662010151269e-02 1.588636743707343309e-05
1.908194344153971045e+01 4.243906044770761471e-02 4.198956624645305423e-05
1.920669116292400247e+01 1.232190136086295795e-01 5.480430839464300700e-03
1.929649248336541234e+01 5.663872056015490514e-02 2.656342738700675729e-04
1.946036614246616026e+01 1.245653378359880548e-01 2.740656305445061773e-03
1.859960543917464193e+01 3.145784726549444299e-02 1.970109622641573796e-05
1.930959855935319425e+01 6.268487684065725263e-02 2.666747342684506225e-04
1.914286035014064069e+01 5.990746719913955104e-02 1.020883203637098927e-03
1.924505328459326137e+01 6.400136473832010453e-02 2.530907501643088497e-04
1.915767025743125629e+01 5.652622250207093441e-02 1.937607085608759763e-04
1.971762914092361640e+01 7.568147728923954598e-02 6.407158845810353000e-04
1.919231241984513048e+01 6.643872675260914518e-02 3.722828291696158188e-04
1.947106280316294047e+01 6.536634246183452290e-02 2.302142891237156526e-04
1.910305584770429732e+01 1.032016265832854524e-01 3.378508164092854007e-03
1.925576477451554069e+01 8.028482410121103030e-02 1.151847199081573606e-03
1.921682850355662353e+01 3.310421025182876120e-02 3.537245370225930782e-05
1.913388900824649497e+01 6.836826856144843922e-02 7.719546881334063112e-04
1.917812699324857917e+01 1.405948116084210497e-01 1.263808889617632804e-02
1.936980311494755824e+01 5.116287678515282072e-02 2.063104835443020060e-04
1.954850859310183964e+01 1.413525587419664220e-01 2.115988747087043341e-03
1.895411819052881697e+01 3.226183332787087993e-02 2.489027289385251513e-05
1.982229914924155523e+01 1.521475198373019866e-01 4.059299444059221405e-03
1.929729821033521375e+01 6.838900806505425478e-02 4.725164650440771678e-04
1.952233114607950171e+01 1.658259648107083262e-01 9.388268963332257674e-03
1.958294058227665246e+01 1.015784999261426375e-01 2.543802516466222609e-03
1.965881924544520132e+01 8.667877718779318230e-02 1.229664917999711725e-03
1.955999354047567707e+01 1.040351646770603239e-01 1.345314191259638350e-03
1.928148100953431765e+01 5.545055550275355266e-02 2.489343673336739211e-04
2.026690696579664674e+01 8.638464841073892897e-01 5.623768413068512828e-01
1.923281386616681488e+01 7.759121965991458425e-02 3.080981238121099008e-04
1.903402755209674524e+01 3.808328605744436268e-02 6.349514731652172120e-05
1.937036977694897644e+01 4.168904403849608281e-02 5.229139586111200886e-05
1.938376457173087175e+01 7.483624603599935143e-02 3.715461896549723873e-04
1.940783064339390052e+01 2.179685108756844181e-01 3.066070384426212297e-02
1.900560295051049664e+01 3.247574550697984730e-02 5.020541534677003682e-05
1.905971224855221635e+01 6.991830907391695382e-02 5.982018331992324011e-04
1.887247411338942982e+01 4.462203769790028945e-02 8.757129923990517235e-05
1.898609044061095474e+01 3.909562551284304771e-02 6.433811977412339216e-05
1.976585710079434222e+01 2.495352224216236536e-01 1.215894072413194714e-02
1.917302159068614031e+01 6.571675398026657899e-02 6.910160741994055434e-04
1.912399366298556203e+01 4.495094329902085684e-02 2.487934743453748565e-04
1.996191881367292353e+01 2.412675204022314279e-01 1.640233107455339040e-02
1.938960836322722159e+01 7.821048322090617955e-02 8.413412640070962482e-04
1.928369109878206800e+01 8.994716953403994464e-02 1.519710628609609098e-03
1.927838823663959644e+01 4.067451707586245552e-02 5.885514436614664618e-05
1.951774780781488516e+01 7.919900547533410828e-02 4.245411535208772850e-04
1.936159263073789916e+01 7.118677198757257518e-02 2.030776777708689093e-04
1.940424622841080193e+01 5.000865573646536000e-02 9.327382846657201001e-05
1.876618035875263857e+01 2.663269686320808224e-02 1.479355092515071160e-05
1.974199948097978563e+01 2.582448162055159258e-01 1.863627087797641371e-02
1.868437965653163246e+01 4.128885515463111971e-02 9.634531834224091442e-05
1.886799661658303506e+01 2.971991113656695382e-02 2.523456726084061160e-05
1.915423729155876842e+01 6.984111445444789179e-02 2.236263617756153413e-04
1.932104661362290798e+01 9.940858314489547931e-02 2.286708328686040768e-03
1.958893991283106573e+01 8.395137085956502765e-02 9.125803363106339307e-04
1.936283655931227088e+01 5.198429166999643525e-02 1.049212028574017009e-04
1.974975149412052744e+01 7.202963572537809944e-02 5.782019429987902493e-04
1.937969789269832432e+01 5.358568838198200790e-02 2.073060732018128672e-04
1.903840406352792058e+01 3.424014394872970657e-02 3.844598640567215849e-05
1.963541275297588484e+01 8.015553405687560196e-02 5.509162714941833990e-04
1.865936532592512265e+01 3.786418464699798508e-02 3.154903595062055836e-05
1.956379509223119939e+01 7.518808233700387256e-02 5.400827634288358787e-04
1.931264373021994629e+01 5.334334316401714848e-02 4.245119198262443895e-04
1.913863915950281225e+01 1.138021511648923817e-01 6.032134008568069625e-03
2.110326479760645313e+01 1.606325805012912777e+00 1.321945059429859848e-01
2.004025515037842808e+01 1.027943882792917152e-01 1.602481376351799552e-03
1.895735608419910889e+01 8.869283344702266758e-02 2.473561820206998663e-03
1.914496625527927520e+01 3.877896367901155494e-02 5.647307838418829978e-05
1.941525714116101042e+01 1.138670055422638383e-01 1.397164740947999572e-03
1.923071145215087085e+01 5.360849358398026010e-02 1.580232753875967068e-04
1.938604832154133106e+01 6.120203657055445917e-02 3.497939273054575084e-04
1.891921039011500838e+01 2.836962812426764569e-02 1.581370258228874691e-05
1.912447592925217421e+01 4.520983907471084334e-02 9.360737395496616844e-05
1.888915732190330488e+01 4.096693613030490816e-02 1.165173542497422343e-04
1.907578174849447450e+01 7.138952941722929990e-02 5.375942238043042616e-04
1.906412026887943512e+01 6.060608383930689985e-02 2.064417642425175751e-04
1.912446574071909922e+01 5.652600022571984545e-02 2.105498583881670036e-04
1.901854263443042825e+01 3.276350254421173808e-02 5.344268673480994254e-05
1.887241535057503228e+01 3.464270014225608041e-02 7.644981803729739196e-05
1.960006612914244428e+01 8.112404088387634160e-02 3.336400063181015974e-04
1.952359472403737684e+01 5.701334438943945343e-02 2.099625087891935358e-04
1.913125429243162401e+01 3.846145655857492740e-02 4.394222892425619307e-05
1.919443154062476964e+01 6.035590069100425087e-02 3.815424491186446862e-04
1.940760255890993591e+01 5.356771377496874487e-02 2.316845943401311058e-04
1.911081594277664308e+01 4.060775591042995597e-02 1.958673261030734593e-04
2.287707843097442151e+01 3.438921959428260511e+00 2.021560115354918530e+00
1.949075855018805470e+01 6.679713419563852728e-02 4.700780880411818425e-04
1.942612266979224955e+01 3.913791993032602473e-02 1.541661276255179699e-04
1.934347825503787988e+01 5.144017333042861378e-02 2.166879037858980843e-04
