2.437567452783142130e+00 1.947996190277277240e-03 6.807264477327789334e-08
2.650184133283255861e+00 1.024072342375459931e-02 6.842818081642528482e-06
2.550272742194444664e+00 6.106048660743584183e-03 4.732400605448429058e-07
2.761208045435068037e+00 5.993201249668988692e-03 6.314340667926558407e-06
2.536133010223724948e+00 7.406801380182757855e-03 2.328552480562005063e-07
2.513568927611602888e+00 5.829018997358178730e-03 1.642270510956751770e-06
2.597060829847078089e+00 5.214635177989387568e-03 5.682210421002689908e-08
2.437941736723770791e+00 6.342951895366612768e-03 5.944197799523919252e-07
2.480779987643806805e+00 1.875451197646968438e-03 1.220994986422160861e-07
2.527453857762134160e+00 3.565746212236223667e-03 5.586646156164376636e-07
2.539244097918774923e+00 7.556834309257301312e-03 1.197922341731102768e-06
2.556141552954951823e+00 9.127077987082813856e-03 7.459005064735448448e-07
2.669531733252009431e+00 9.603958176872186281e-03 1.689479473550886041e-07
2.616405675205333292e+00 8.739666813522175073e-03 1.293495870849913742e-06
2.588141867685923359e+00 4.332814550977082471e-03 2.973929325015676345e-07
2.505240236096583750e+00 2.351325596135790934e-03 1.149266896227949546e-07
2.724969814644563115e+00 1.568982367273542497e-02 2.082626730470638562e-06
2.592933953475073938e+00 5.571289660006216449e-03 2.173193705392789916e-07
2.611783353125525231e+00 6.467962934837102537e-03 7.768110299567148262e-07
2.572241625748996618e+00 7.269455521517122210e-03 5.957894611135089466e-07
2.532649056885274419e+00 2.513293774835695816e-03 9.147563352548111876e-08
2.731199679880035092e+00 6.792790891882385593e-03 1.117877525650200513e-06
2.452737173996127229e+00 3.952178786538913628e-03 1.282366271040173224e-07
2.689419037233134357e+00 7.939342249308282626e-03 3.334375685100811950e-07
2.553027267643454667e+00 2.897374195757967431e-03 1.053180571345345065e-07
2.632974985846459504e+00 6.244966646002594532e-03 3.645161742847278776e-07
2.580946128824456842e+00 3.870721185958037741e-03 1.409442171342397280e-07
2.564175766240755383e+00 5.986073381714015172e-03 1.933400680890169602e-07
2.487945013946735173e+00 5.101931918751281304e-03 1.627130721078597783e-07
2.529465493499220230e+00 2.860599409926641370e-03 1.070987462639055060e-07
2.489617532022388779e+00 1.072446290400303967e-03 1.494967196021825675e-08
2.637773402230608522e+00 7.400837419760427326e-03 6.059689678487626720e-07
2.441903576069661241e+00 1.222792456234779446e-03 2.496748482221401494e-08
2.567220906875952835e+00 4.923738572040776279e-03 2.995175161073924622e-07
2.593193016173043652e+00 3.990537865456380770e-03 4.690377058966031777e-07
2.631838360824702239e+00 1.086068216605177300e-02 2.056943930594477855e-06
2.517851096202463168e+00 1.153134830848986719e-03 1.059014741382968382e-08
2.784225900145003152e+00 8.129788205841750534e-03 5.003724000573700153e-07
2.520136931768963251e+00 3.972960147749807387e-03 1.453989331547719635e-07
2.500960694920891569e+00 5.731699473978074492e-03 1.572905497959389477e-07
2.539896376631603392e+00 3.871878695167069347e-03 1.214046559572747116e-06
2.593107617853696478e+00 4.813027597805851800e-03 1.248218060022116182e-07
2.532787351006570375e+00 2.097656734344184679e-03 4.227302530777908495e-08
2.738863522439104692e+00 1.220431230788502318e-02 5.648736293330202516e-07
2.510552884039082944e+00 3.146479863550941027e-03 7.962446648340650245e-08
2.555109812683537651e+00 7.547330208301013255e-03 3.005032361321264771e-06
2.575521381874653404e+00 7.239047083967213581e-03 3.057225712282702140e-07
2.667959152136420986e+00 5.782547004995446625e-03 7.758283489066351309e-07
2.601341463512353069e+00 2.797707969587886513e-03 7.135365811438454190e-08
2.590468795411238201e+00 9.795910341056708603e-03 3.880070328521654095e-07
2.698651758514510224e+00 8.117623425047008900e-03 6.384129362711272195e-07
2.649527814252661262e+00 7.556346155244959492e-03 8.781953678876904670e-07
2.710063335414006236e+00 9.805695193579442095e-03 3.467992459126398009e-07
2.621909338301157355e+00 1.011109044893276389e-02 1.566753673987055706e-06
2.652907792810600185e+00 5.613222442648237685e-03 3.189446502393295323e-07
2.562941444594678320e+00 2.734776115038074946e-03 5.161908155724598558e-08
2.547240386621643093e+00 8.177848758371726243e-03 1.227692934526744067e-06
2.544272080479273335e+00 3.059928162662588647e-03 5.166117552260472909e-07
2.550578891984660590e+00 8.492994515202806002e-03 1.892780018951958781e-06
2.502676923734466374e+00 2.245903523129101718e-03 8.932657586088152229e-08
2.567788811618304301e+00 8.087650836045026659e-03 3.792789850674669315e-07
2.558303162713515988e+00 4.574422215187493555e-03 4.788232083928128915e-07
2.543250865865535282e+00 3.365959610815023959e-03 6.501601548536384767e-08
2.640816453929653473e+00 7.229999919932009016e-03 1.267064585217734770e-06
2.520539219535347097e+00 3.496800582432710129e-03 3.718502140626870223e-07
2.705477302225518077e+00 3.938288949275901667e-03 1.080137464034877927e-07
2.352531186810177921e+00 4.068593682316564916e-03 4.914384412651584443e-07
2.670976869859708724e+00 1.163060289604364236e-02 1.427273101391667420e-06
2.682042035557962834e+00 6.148661255429317164e-03 2.640395903647675610e-07
2.815399220421469284e+00 9.104934333321185180e-03 5.275949287528554408e-07
2.500712441282614940e+00 3.603293660579512999e-03 1.825217247809563334e-07
2.683509209057966860e+00 1.413074414155048031e-02 2.762178692045691705e-06
2.477937744490712468e+00 3.784294020134036911e-03 1.375547840879037563e-07
2.511762294572949639e+00 3.940403681973870045e-03 1.972197055260407629e-07
2.529237867168168119e+00 5.242773397401708814e-03 3.122177524561531533e-07
2.544931323811634893e+00 7.289801079455443360e-03 4.640749280472984075e-07
2.756528738704692838e+00 1.318507333077756187e-02 1.410542818212927759e-06
2.679895308159237377e+00 8.102518200630499587e-03 3.494443563669857163e-07
2.544110139108290536e+00 3.924919947874210349e-03 1.380650500236168647e-06
2.508225473545610207e+00 9.885476648201196523e-03 2.219368286755209735e-06
2.604317077823966375e+00 5.445193618807967623e-03 1.167845594387339746e-07
2.640202932125930158e+00 7.081330391312310076e-03 3.381865140359110140e-07
2.621823678456212559e+00 4.698138830103447058e-03 3.034608235675112936e-07
2.692729922901804240e+00 8.598074106921373486e-03 4.431312938702933224e-07
2.530564916094615313e+00 4.752851364438958823e-03 1.430507190402780829e-06
2.620703499449116070e+00 1.024301436865522087e-02 1.995700689918338531e-07
2.555273147531866851e+00 6.131701263919511063e-03 2.640944352953092742e-07
2.571883280658947335e+00 4.791807311332220778e-03 1.292472923803126247e-07
2.605324191251731758e+00 8.400246762446701362e-03 1.352774170875052051e-06
2.517454376227971746e+00 3.839756805583103855e-03 9.652191922357939519e-08
2.496027053606644674e+00 3.204192161540360753e-03 1.425134981438870289e-07
2.616161498139744968e+00 4.669997774914170542e-03 7.478720971210767649e-08
2.692262888664186171e+00 1.117516265595182995e-02 1.265282802143721862e-06
2.690844959535663605e+00 5.744152560510629862e-03 2.062033031446404024e-07
2.827497174666670166e+00 1.113934040469517252e-02 4.845095965380713856e-07
2.613209535629271052e+00 8.044483659456131905e-03 6.826346967377391282e-07
2.401508488207330760e+00 4.103583067019756989e-03 1.097756849716330902e-07
2.757825552438637473e+00 1.655369533869965534e-02 1.411102437412089975e-06
2.812085394234659752e+00 6.524889955775068327e-03 3.110457804073395771e-06
2.694584400697850324e+00 9.719709972066094272e-03 4.384099024839822727e-07
